,City,Cloudiness,Country,Date,Humidity,Lat,Lng,Max Temp,Wind Speed
0,Punta Arenas,90,CL,1544229600,76,-53.16,-70.91,11,3.1
1,Aswan,56,EG,1544230541,96,24.09,32.9,10.26,2.52
2,Busselton,0,AU,1544230541,100,-33.64,115.35,16.79,4.92
3,Rikitea,80,PF,1544230542,99,-23.12,-134.97,25.66,5.57
4,Steamboat Springs,90,US,1544229300,82,40.48,-106.83,0,0.17
5,Colares,75,PT,1544227200,93,38.8,-9.45,14,0.5
6,Makungu,20,TZ,1544230542,69,-8.74,35.29,22.64,2.57
7,New Norfolk,75,AU,1544229000,72,-42.78,147.06,19,5.7
8,Port Alfred,92,ZA,1544230543,100,-33.59,26.89,18.41,4.92
9,Castro,0,CL,1544227200,56,-42.48,-73.76,21,2.1
10,Kapaa,75,US,1544226960,58,22.08,-159.32,27.8,9.8
11,Albany,20,US,1544228220,47,42.65,-73.75,-4.4,3.6
12,Torbay,75,CA,1544227200,86,47.66,-52.73,-3,5.1
13,Provideniya,64,RU,1544230545,100,64.42,-173.23,-5.37,13.22
14,Butaritari,32,KI,1544230545,100,3.07,172.79,28.84,2.42
15,Vaini,0,IN,1544227200,93,15.34,74.49,18,1.32
16,Touros,40,BR,1544227200,78,-5.2,-35.46,27,3.1
17,Iranshahr,0,IR,1544227200,44,27.21,60.69,16,3.1
18,Isangel,76,VU,1544230546,100,-19.55,169.27,25.94,11.52
19,Axim,20,GH,1544230546,100,4.87,-2.24,28.56,5.37
20,Vardo,1,US,1544229300,59,39.62,-77.74,1,3.1
21,San Luis Rio Colorado,1,MX,1544227140,67,32.47,-114.76,18,4.1
22,Bredasdorp,68,ZA,1544227200,82,-34.53,20.04,14,2.1
23,Qaanaaq,12,GL,1544230548,87,77.48,-69.36,-19.87,2.87
24,Cedar City,90,US,1544226780,75,37.68,-113.06,3.3,0.87
25,Ushuaia,75,AR,1544227200,40,-54.81,-68.31,11,12.3
26,Tilichiki,44,RU,1544230548,91,60.47,166.1,-29.52,1.67
27,Clyde River,0,CA,1544228700,69,70.47,-68.59,-24,5.1
28,Cape Town,0,ZA,1544227200,87,-33.93,18.42,13,0.5
29,Tura,0,IN,1544230549,86,25.52,90.21,10.41,1.17
30,Turmalina,48,BR,1544230550,94,-17.29,-42.73,20.46,1.47
31,Mahajanga,40,MG,1544227200,88,-15.72,46.32,26,1
32,Khatanga,88,RU,1544230550,82,71.98,102.47,-20.27,3.22
33,Tuktoyaktuk,90,CA,1544227200,83,69.44,-133.03,-22,2.6
34,Katsuura,75,JP,1544227200,52,33.93,134.5,7,8.7
35,Lavrentiya,68,RU,1544230551,100,65.58,-170.99,-4.67,20.62
36,Saint-Georges,56,CA,1544230536,60,46.12,-70.67,-10.84,3.17
37,Kushima,75,JP,1544227200,52,31.5,131.29,8,6.7
38,Taoudenni,0,ML,1544230252,33,22.68,-3.98,13.76,4.62
39,Tasiilaq,20,GL,1544226600,57,65.61,-37.64,-6,3.1
40,The Valley,40,AI,1544227200,74,18.22,-63.06,27,6.7
41,Cherskiy,36,RU,1544230553,54,68.75,161.3,-35.24,1.02
42,Margate,75,AU,1544229000,72,-43.03,147.26,19,5.7
43,Hilo,90,US,1544226780,64,19.71,-155.08,25,5.7
44,Safranbolu,12,TR,1544230614,98,41.25,32.69,-3.37,0.92
45,Zelenogorskiy,75,RU,1544229000,77,55.03,87,-19,2
46,Mataura,88,NZ,1544230615,55,-46.19,168.86,21.76,7.77
47,Ponta do Sol,48,BR,1544230615,96,-20.63,-46,19.14,1.22
48,Springbok,80,ZA,1544230616,95,-29.67,17.88,12.14,2.27
49,San Jeronimo,44,PE,1544230616,77,-13.65,-73.37,9.29,0.87
50,Erenhot,0,CN,1544230616,72,43.65,111.97,-27.92,4.72
51,Caravelas,36,BR,1544230617,100,-17.73,-39.27,26.69,9.87
52,Miranda,48,CO,1544230556,100,3.25,-76.23,12.34,0.52
53,San Juan,0,AR,1544229944,42,-31.54,-68.53,23.04,3.12
54,Cocobeach,20,GA,1544229000,100,1.01,9.58,23,3.1
55,Barrow,0,AR,1544230618,32,-38.31,-60.23,20.19,3.57
56,Mar del Plata,0,AR,1544230618,30,-46.43,-67.52,28.29,1.07
57,Port Augusta,40,AU,1544227200,78,-32.49,137.76,22,8.2
58,Sao Joao da Barra,92,BR,1544230619,100,-21.64,-41.05,22.96,7.92
59,Saintes,92,FR,1544229000,81,45.74,-0.63,11,3.1
60,Faya,0,SA,1544227200,82,18.39,42.45,14,4.1
61,Rome,40,IT,1544226600,82,41.89,12.48,16,3.6
62,Port Elizabeth,1,US,1544226960,53,39.31,-74.98,1.7,3.1
63,Yellowknife,20,CA,1544228640,84,62.45,-114.38,-17,1.5
64,Lagoa Vermelha,0,BR,1544230621,61,-28.21,-51.53,13.21,5.12
65,Port Lincoln,44,AU,1544230621,95,-34.72,135.86,17.81,5.87
66,Garoua,0,CM,1544227200,56,9.31,13.39,21,0.5
67,Wuzhou,92,CN,1544230622,100,23.48,111.3,8.51,2.52
68,Jamestown,12,AU,1544230589,30,-33.21,138.6,30.14,4.32
69,Wladyslawowo,90,PL,1544229000,93,54.79,18.4,9,3.6
70,Itarema,24,BR,1544230623,93,-2.92,-39.92,23.41,1.92
71,Kochi,40,IN,1544229000,94,9.96,76.25,24,1
72,Korem,0,ET,1544230624,94,12.51,39.52,11.64,0.77
73,Csanadpalota,56,HU,1544227200,69,46.25,20.73,3,6.2
74,San Patricio,0,PY,1544230625,59,-26.98,-56.83,19.81,2.22
75,Jadu,92,LY,1544230625,96,31.95,12.03,10.46,2.52
76,Soure,90,PT,1544227200,93,40.06,-8.63,14,4.1
77,Coihaique,0,CL,1544227200,44,-45.58,-72.07,25,1.5
78,Zyryanka,32,RU,1544230626,55,65.73,150.89,-35.32,1.17
79,Aklavik,75,CA,1544227200,84,68.22,-135.01,-14,4.1
80,Juneau,75,US,1544226960,88,58.3,-134.42,3.3,2.02
81,Praya,75,ID,1544229000,94,-8.71,116.27,28,1.5
82,Pevek,76,RU,1544230627,100,69.7,170.27,-19.19,5.77
83,Plettenberg Bay,92,ZA,1544230102,100,-34.05,23.37,17.01,5.47
84,Anadyr,0,RU,1544227200,75,64.73,177.51,-26,9
85,Hermanus,24,ZA,1544230628,98,-34.42,19.24,8.04,1.42
86,Chumikan,56,RU,1544230034,67,54.72,135.31,-20.44,5.92
87,Lucea,20,JM,1544227200,78,18.44,-78.17,28,3.6
88,Karasjok,20,NO,1544228400,78,69.47,25.52,-13,8.7
89,Bluff,88,AU,1544230597,54,-23.58,149.07,26.04,7.62
90,Cubuk,40,TR,1544226600,85,40.24,33.03,-1,1.52
91,Buala,48,SB,1544230690,87,-8.15,159.59,29.44,2.22
92,Raudeberg,88,NO,1544228400,93,61.99,5.14,5,6.2
93,Salinopolis,80,BR,1544230690,99,-0.61,-47.36,27.06,3.22
94,Malanje,92,AO,1544230691,92,-9.54,16.35,21.04,2.32
95,Mahebourg,20,MU,1544230691,92,-20.41,57.7,22.84,2.52
96,Wamba,64,CD,1544230691,79,2.14,27.99,20.79,0.92
97,Narsaq,12,GL,1544226600,80,60.91,-46.05,1,2.1
98,Mikhaylovka,8,RU,1544230692,61,52.96,103.29,-36.94,1.27
99,Puerto Ayora,20,EC,1544227200,65,-0.74,-90.35,25,5.7
100,Tevriz,0,RU,1544230693,64,57.51,72.4,-17.57,1.22
101,Bethel,20,US,1544226960,91,60.79,-161.76,-5,3.6
102,Kobryn,92,BY,1544230694,98,52.21,24.36,4.84,5.42
103,Avarua,40,CK,1544227200,74,-21.21,-159.78,28,5.1
104,Kodiak,1,US,1544228100,50,39.95,-94.76,-2,1.5
105,Klaksvik,92,FO,1544228400,81,62.23,-6.59,6,6.2
106,Hobart,75,AU,1544229000,72,-42.88,147.33,19,5.7
107,Potosi,24,BO,1544230695,86,-19.59,-65.75,4.54,1.17
108,Scarborough,92,GB,1544226600,75,54.28,-0.41,8,9.3
109,Samarai,12,PG,1544230695,98,-10.62,150.67,29.31,4.87
110,Mitu,92,IR,1544230696,98,36.2,46.09,-0.19,1.07
111,Georgetown,75,GY,1544227200,83,6.8,-58.16,27,6.2
112,Sept-Iles,40,CA,1544227200,66,50.2,-66.38,-10,3.6
113,Bannu,100,PK,1544230697,96,32.99,70.6,12.71,1.32
114,Luderitz,92,NA,1544230697,94,-26.65,15.16,15.26,1.42
115,Lompoc,1,US,1544229300,63,34.64,-120.46,20,4.1
116,Nikolskoye,90,RU,1544229000,79,59.7,30.79,-2,4
117,Sambava,80,MG,1544230698,100,-14.27,50.17,24.34,5.22
118,Mahon,75,IE,1544229000,70,51.89,-8.4,8,7.2
119,Deputatskiy,36,RU,1544230653,70,69.3,139.9,-38.42,1.22
120,Pilas,0,ES,1544229000,81,37.3,-6.3,12,1.5
121,Mtimbira,0,TZ,1544230699,71,-8.78,36.35,23.56,2.32
122,Belaya Gora,32,RU,1544230699,63,68.54,146.19,-36.72,1.22
123,Salamanca,12,ES,1544229000,87,40.97,-5.66,9,2.6
124,Batemans Bay,36,AU,1544230700,64,-35.71,150.18,25.71,2.12
125,Kindia,36,GN,1544230701,77,10.05,-12.86,20.41,0.97
126,Praia da Vitoria,0,PT,1544227200,100,38.73,-27.07,15,3.32
127,Pisco,75,PE,1544227200,82,-13.71,-76.2,20,4.1
128,Lillesand,92,NO,1544228400,93,58.25,8.38,3,1.5
129,Rosarito,20,CO,1544227200,94,4.91,-75.23,23,1.5
130,Westport,92,IE,1544230702,85,53.8,-9.52,9.51,12.92
131,Hami,48,CN,1544230703,47,42.84,93.51,-16.87,4.67
132,Kahului,20,US,1544226960,46,20.89,-156.47,29.4,7.2
133,East London,32,ZA,1544230703,100,-33.02,27.91,21.29,2.42
134,Baoqing,0,CN,1544230764,41,46.32,132.2,-20.77,4.57
135,Maan,0,IN,1544230764,83,30.1,74.66,10.84,1.97
136,Esperance,20,TT,1544227200,83,10.24,-61.45,25,2.1
137,Anori,36,BR,1544230765,95,-3.74,-61.66,24.66,0.82
138,Rawson,0,AR,1544230519,22,-43.3,-65.11,29.09,2.67
139,Lebu,40,ET,1544227200,71,8.96,38.73,14,4.1
140,Cidreira,24,BR,1544230765,72,-30.17,-50.22,16.66,3.92
141,Chokurdakh,24,RU,1544230766,54,70.62,147.9,-35.12,1.42
142,Le Port,0,FR,1544230766,83,42.87,1.37,-2.59,1.02
143,Linqiong,75,CN,1544227200,93,30.42,103.46,4,2
144,Lata,0,IN,1544230767,66,30.78,78.62,0.34,1.22
145,Pushchino,75,RU,1544229000,85,54.83,37.61,-5,2
146,Jiuquan,36,CN,1544230322,27,39.73,98.49,-30.74,0.97
147,Onega,88,RU,1544230768,93,63.91,38.09,-1.59,5.22
148,Padang,20,ID,1544227200,94,-0.92,100.36,25,0.5
149,Airai,0,TL,1544230768,70,-8.93,125.41,27.34,1.02
150,Namibe,0,AO,1544230769,100,-15.19,12.15,22.26,5.22
151,Pinawa,0,CA,1544230769,71,50.15,-95.88,-17.17,4.37
152,Ola,76,RU,1544230769,100,59.58,151.3,-7.82,12.92
153,Dikson,88,RU,1544230770,100,73.51,80.55,-15.32,13.92
154,Mulege,20,MX,1544230770,59,26.88,-111.98,20.41,1.87
155,Smidovich,36,RU,1544230770,44,48.6,133.81,-21.42,3.72
156,Biltine,0,TD,1544230771,39,14.53,20.93,14.76,3.42
157,Honiara,12,SB,1544230771,80,-9.43,159.96,28.96,1.07
158,Puerto del Rosario,8,ES,1544229000,82,28.5,-13.86,20,5.7
159,Inirida,44,CO,1544230771,99,3.87,-67.92,22.54,0.77
160,Altagracia de Orituco,0,VE,1544230772,59,9.86,-66.38,25.84,6.12
161,Port Hedland,32,AU,1544229000,29,-20.31,118.58,37,4.1
162,Waingapu,8,ID,1544230647,96,-9.65,120.26,26.41,1.87
163,Ilulissat,48,GL,1544226600,78,69.22,-51.1,-8,4.6
164,Horta,0,ES,1544229000,93,41.43,2.16,9,2.1
165,Mount Gambier,90,AU,1544229000,93,-37.83,140.78,16,6.7
166,Bone,20,ID,1544229000,83,-5.29,119.42,29,1.5
167,Comodoro Rivadavia,0,AR,1544227200,30,-45.87,-67.48,29,3.22
168,Alice Springs,0,AU,1544229000,17,-23.7,133.88,35,4.6
169,Benjamin Constant,20,BR,1544227200,94,-4.38,-70.03,26,1
170,Flinders,0,AU,1544227200,51,-34.58,150.85,27,3.6
171,Havre-Saint-Pierre,20,CA,1544227320,91,50.23,-63.6,-16,1.5
172,Birao,0,CF,1544230775,39,10.3,22.78,16.81,3.12
173,Saint George,0,GR,1544230200,80,39.45,22.34,2,2.6
174,Yermish,88,RU,1544230776,89,54.77,42.27,-6.34,1.42
175,Morondava,0,MG,1544230776,100,-20.3,44.28,24.34,1.42
176,Saldanha,8,PT,1544230662,86,41.42,-6.55,3.34,1.97
177,Hambantota,75,LK,1544227800,100,6.12,81.12,23,2.1
178,Karlovo,8,BG,1544229000,100,42.64,24.8,-3,1.5
179,Liwale,32,TZ,1544230777,87,-9.8,37.92,22.91,2.07
180,Hithadhoo,64,MV,1544230777,100,-0.6,73.08,26.66,4.02
181,Diego de Almagro,0,CL,1544230778,45,-26.39,-70.05,17.71,1.22
182,Kaitangata,92,NZ,1544230838,67,-46.28,169.85,19.56,6.47
183,Manokwari,48,ID,1544230839,100,-0.87,134.08,28.69,2.67
184,Saskylakh,80,RU,1544230839,83,71.97,114.09,-18.82,3.77
185,Siocon,76,PH,1544230840,99,11.03,124.04,27.81,5.87
186,Carnarvon,12,ZA,1544230840,82,-30.97,22.13,10.01,3.52
187,Pasighat,0,IN,1544230840,53,28.06,95.33,9.96,1.27
188,Manta,32,RO,1544230841,76,45.1,24.1,-6.67,1.12
189,Ahuimanu,1,US,1544227020,64,21.44,-157.84,27.8,5.1
190,San Lorenzo,0,PY,1544227200,56,-25.34,-57.51,23,5.7
191,Russell,68,AR,1544230843,55,-33.01,-68.8,16.54,1.57
192,Lagoa,0,PT,1544227200,82,37.14,-8.45,13,1
193,Bull Savanna,24,JM,1544230844,69,17.89,-77.59,24.76,1.97
194,Llata,20,PE,1544230844,69,-9.55,-76.82,8.66,1.42
195,Belyy Yar,68,RU,1544229000,75,53.6,91.39,-25,1.42
196,Sur,0,OM,1544230696,100,22.57,59.53,22.71,1.87
197,Atuona,88,PF,1544230845,100,-9.8,-139.03,27.31,7.67
198,Avera,90,US,1544230500,70,33.19,-82.53,10,1.42
199,Upernavik,64,GL,1544230605,100,72.79,-56.15,-11.54,5.27
200,Dingle,56,PH,1544230846,81,11,122.67,26.46,6.57
201,Roros,76,NO,1544228400,100,62.57,11.38,-5,1
202,Bathsheba,20,BB,1544227200,74,13.22,-59.52,26,8.2
203,Pangnirtung,36,CA,1544230847,54,66.15,-65.72,-20.52,2.22
204,Hofn,92,IS,1544230258,100,64.25,-15.21,3.81,11.77
205,Tiksi,0,RU,1544230616,80,71.64,128.87,-39.27,1.37
206,Yar-Sale,88,RU,1544230847,90,66.83,70.83,-6.24,4.92
207,Shirokiy,92,RU,1544230848,94,53.87,39.17,-4.29,2.22
208,Alofi,75,NU,1544227200,66,-19.06,-169.92,30,5.7
209,Victoria,75,BN,1544229000,94,5.28,115.24,28,1
210,Arraial do Cabo,88,BR,1544230679,100,-22.97,-42.02,21.44,4.62
211,Birjand,0,IR,1544227200,74,32.86,59.22,1,2.1
212,Lykhivka,44,UA,1544230850,100,48.69,33.92,-5.69,2.27
213,Northam,20,GB,1544228400,81,51.04,-4.21,10,9.3
214,Norman Wells,90,CA,1544227740,92,65.28,-126.83,-11,3.1
215,Byron Bay,40,AU,1544229000,57,-28.65,153.62,25,6.7
216,Nushki,0,PK,1544230851,79,29.55,66.02,8.91,3.47
217,Sorland,0,NO,1544230852,100,67.67,12.69,3.69,10.27
218,Peniche,75,PT,1544229000,93,39.36,-9.38,14,4.47
219,Shediac,75,CA,1544227200,79,46.22,-64.55,-3,3.1
220,Alta Floresta,68,BR,1544230853,99,-9.87,-56.08,21.69,0.97
221,Boysun,92,UZ,1544230853,91,38.2,67.2,0.06,0.72
222,Hauterive,20,FR,1544229000,65,46.09,3.45,7,3.6
223,Manggar,24,ID,1544230767,100,-2.88,108.27,27.04,1.97
224,Sarakhs,48,TM,1544227200,86,36.54,61.16,5,1
225,Adrar,0,DZ,1544230855,74,27.87,-0.29,10.44,2.32
226,La Seyne-sur-Mer,0,FR,1544229000,47,43.1,5.88,14,8.7
227,Smithers,75,CA,1544227200,67,54.78,-127.17,-6,4.1
228,Ribeira Grande,0,PT,1544230917,99,38.52,-28.7,17.64,3.17
229,Haines Junction,44,CA,1544230727,92,60.75,-137.51,-11.12,1.07
230,Spearfish,1,US,1544229300,72,44.49,-103.86,-6,2.1
231,Fortuna,0,ES,1544229000,42,38.18,-1.13,19,8.2
232,North Bend,90,US,1544226960,68,43.41,-124.22,10,1.5
233,Skovorodino,36,RU,1544230918,49,53.99,123.94,-23.17,3.42
234,San Rafael,64,AR,1544230919,34,-34.61,-68.33,23.34,3.87
235,Kirakira,0,SB,1544230920,98,-10.46,161.92,29.79,4.02
236,Arlit,0,NE,1544230920,53,18.74,7.39,11.39,1.77
237,Berlevag,0,NO,1544230638,100,70.86,29.09,-3.79,6.42
238,Troutdale,75,US,1544230380,67,45.53,-122.39,5,2.6
239,Humberto de Campos,48,BR,1544230921,97,-2.6,-43.46,26.54,3.12
240,Codrington,90,AU,1544227200,53,-28.95,153.24,25,5.1
241,Shizunai,32,JP,1544230922,100,42.33,142.37,-5.72,3.67
242,Jalu,12,LY,1544230922,83,29.03,21.55,6.76,1.52
243,Bensonville,40,LR,1544229000,94,6.45,-10.61,25,3.02
244,Keflavik,75,IS,1544229000,80,64,-22.56,4,3.1
245,Nogliki,24,RU,1544230923,100,51.8,143.14,-20.97,3.77
246,Waihi,0,NZ,1544230924,55,-37.39,175.84,22.51,1.22
247,Sechura,8,PE,1544230924,67,-5.56,-80.82,22.96,5.17
248,Kalikapur,0,BD,1544230924,95,23.79,89.46,13.89,2.37
249,Lumphat,48,KH,1544230925,83,13.5,106.97,24.14,1.07
250,Saint-Philippe,1,CA,1544229300,75,45.36,-73.48,-11,4.02
251,Ancud,0,CL,1544227200,56,-41.87,-73.83,21,2.1
252,Cayhagan,0,PH,1544230926,95,9.67,122.43,27.89,5.72
253,Beipiao,0,CN,1544230927,34,41.8,120.76,-18.82,5.57
254,Caborca,68,MX,1544230805,100,30.58,-111.1,10.89,1.07
255,Corrales,44,CO,1544230927,85,5.83,-72.84,10.01,0.77
256,Bedele,36,ET,1544230927,91,8.46,36.35,13.66,1.57
257,Paamiut,20,GL,1544230928,100,61.99,-49.67,-1.74,9.47
258,Karratha,0,AU,1544230881,14,-20.74,116.85,36.94,5.67
259,Sitka,32,US,1544230929,63,37.17,-99.65,-2.22,1.67
260,Moba,64,CD,1544230929,100,-7.04,29.77,20.41,3.12
261,Duluth,90,US,1544230500,73,46.77,-92.13,-5,1.5
262,Vao,80,EE,1544230930,92,59.1,26.19,-0.79,6.17
263,Kudahuvadhoo,36,MV,1544230931,100,2.67,72.89,26.96,1.22
264,Pochutla,5,MX,1544226060,66,15.74,-96.47,29,0.42
265,Hualmay,12,PE,1544230932,86,-11.1,-77.61,18.51,2.77
266,Poum,0,MK,1544230932,76,41.28,20.71,-8.42,0.82
267,Nuuk,0,GL,1544226600,67,64.17,-51.74,-6,4.1
268,Calatayud,88,ES,1544229000,55,41.35,-1.64,16,4.1
269,Nouadhibou,0,MR,1544227200,40,20.93,-17.03,22,6.2
270,Cayenne,20,GF,1544229000,83,4.94,-52.33,26,2.6
271,Pangai,90,TO,1544227200,94,-19.8,-174.35,26,2.6
272,Conway,90,US,1544230500,100,35.09,-92.44,5,3.6
273,Hastings,0,NZ,1544230996,91,-39.64,176.84,18.79,2.12
274,Cap Malheureux,88,MU,1544230996,100,-19.98,57.61,25.96,4.47
275,Olinda,75,EC,1544227200,65,-2.03,-79.75,27,4.6
276,Namtsy,0,RU,1544229000,67,62.72,129.66,-30,2
277,Sao Filipe,0,CV,1544230997,98,14.9,-24.5,23.71,5.72
278,Kaeo,0,NZ,1544230997,45,-35.1,173.78,23.79,5.02
279,Jilib,0,SO,1544230998,94,0.49,42.79,22.71,1.27
280,Garowe,24,SO,1544230998,96,8.41,48.48,19.66,3.17
281,Mosjoen,32,NO,1544228400,80,65.84,13.19,-1,3.6
282,Lasa,20,CY,1544229000,76,34.92,32.53,11,4.1
283,Yulara,0,AU,1544227200,20,-25.24,130.99,35,3.1
284,Quang Ngai,92,VN,1544231000,99,15.12,108.8,20.54,1.22
285,Rocha,0,UY,1544231000,50,-34.48,-54.34,12.06,2.87
286,Muros,75,ES,1544229000,93,42.77,-9.06,8,1.5
287,Sistranda,75,NO,1544226600,69,63.73,8.83,2,4.6
288,Saint-Joseph,8,FR,1544229000,58,43.56,6.97,13,11.3
289,Bela Vista,0,BR,1544231003,67,-22.11,-56.53,22.31,3.12
290,Bahar,40,IR,1544226660,86,34.91,48.44,3,2.1
291,Jiaonan,0,CN,1544227200,48,35.88,119.98,-6,5
292,Mapiripan,8,CO,1544231004,55,2.89,-72.13,28.54,2.77
293,Thompson,90,CA,1544229180,85,55.74,-97.86,-8,3.1
294,Zhangye,0,CN,1544231004,62,38.94,100.46,-27.37,1.67
295,Chateau-Thierry,0,FR,1544229000,75,49.05,3.4,7,5.1
296,Macau,12,BR,1544231005,94,-5.11,-36.64,23.21,1.62
297,Bonthe,12,SL,1544231006,81,7.53,-12.5,27.41,2.27
298,Ostrovnoy,0,RU,1544231006,86,68.05,39.51,-6.82,6.97
299,Akureyri,92,IS,1544230805,93,65.68,-18.09,-2.84,2.32
300,Nishihara,75,JP,1544229000,71,35.74,139.53,10,5.1
301,Novopokrovka,24,RU,1544231007,43,45.85,134.51,-21.22,2.77
302,Tuatapere,48,NZ,1544231008,67,-46.13,167.69,18.81,9.52
303,Silleda,75,ES,1544229000,93,42.7,-8.25,8,1.5
304,Dryden,1,CA,1544227200,92,49.79,-92.84,-14,5.1
305,Taltal,0,CL,1544231009,71,-25.41,-70.49,15.76,0.97
306,Riachao do Dantas,0,BR,1544231009,88,-11.07,-37.73,21.89,3.12
307,Constitucion,90,MX,1544226240,55,23.99,-104.67,17,5.1
308,San Quintin,0,PH,1544231010,80,17.54,120.52,21.09,2.22
309,Talnakh,44,RU,1544231010,62,69.49,88.39,-29.62,2.97
310,Peoria,1,US,1544230560,81,40.69,-89.59,-5.5,2.6
311,Porto Belo,0,BR,1544227200,56,-27.15,-48.54,21,4.6
312,Naze,36,NG,1544231011,69,5.43,7.07,23.44,3.12
313,Roald,92,NO,1544228400,80,62.58,6.12,5,1.5
314,Rock Sound,0,BS,1544231012,100,24.9,-76.2,25.26,8.07
315,Jiazi,90,CN,1544227200,94,19.61,110.49,22,7
316,Asha,92,RU,1544231073,54,54.99,57.29,-7.29,1.67
317,La Ronge,75,CA,1544227200,85,55.1,-105.3,-12,3.1
318,Lira,64,UG,1544231074,58,2.25,32.9,21.79,2.97
319,Marsa Matruh,20,EG,1544227200,76,31.35,27.25,12,3.6
320,Petropavlovsk-Kamchatskiy,44,RU,1544229000,71,53.05,158.65,-14,3
321,Iqaluit,20,CA,1544227200,69,63.75,-68.52,-24,2.6
322,Chuy,0,UY,1544231075,84,-33.69,-53.46,13.51,3.57
323,Matagami,0,NG,1544231075,45,9.67,8.4,17.01,2.97
324,Barra do Garcas,20,BR,1544230897,95,-15.89,-52.26,23.96,1.22
325,Lorengau,8,PG,1544231076,93,-2.02,147.27,30.14,2.32
326,Zhanaozen,92,KZ,1544231077,77,43.35,52.85,1.21,1.97
327,Mabaruma,88,GY,1544231077,89,8.2,-59.78,25.54,3.02
328,Srivardhan,8,IN,1544230793,95,18.03,73.02,21.21,1.62
329,De-Kastri,36,RU,1544231078,100,51.48,140.77,-20.47,6.02
330,Mishan,0,CN,1544231078,38,45.55,131.88,-19.82,4.37
331,Sibu,90,MY,1544227200,100,2.29,111.83,24,2.1
332,Nampula,0,MZ,1544227200,88,-15.12,39.26,24,4.1
333,Cauquenes,20,CL,1544231079,79,-35.97,-72.32,15.94,3.22
334,Mazagao,90,BR,1544227200,100,-0.12,-51.29,25,1
335,Geraldton,90,CA,1544227200,77,49.72,-86.95,-15,5.1
336,Walvis Bay,0,NA,1544227200,82,-22.95,14.51,19,2.6
337,Hasaki,75,JP,1544229000,76,35.73,140.83,10,5.1
338,Faanui,92,PF,1544231081,100,-16.48,-151.75,25.01,8.97
339,Chudniv,92,UA,1544231082,91,50.05,28.12,-3.04,5.67
340,Sedhiou,68,SN,1544227200,94,12.71,-15.56,23,0.97
341,Cuamba,44,MZ,1544231082,86,-14.8,36.54,21.79,1.22
342,Aykhal,76,RU,1544231083,71,65.95,111.51,-24.12,1.32
343,Northview,90,US,1544230500,80,37.29,-93,0.6,3.1
344,Poronaysk,20,RU,1544231084,100,49.22,143.1,-18.99,1.52
345,Laguna,20,MX,1544229660,60,27.52,-110.01,21,2.1
346,Labuhan,92,ID,1544231084,99,-2.54,115.51,22.66,1.17
347,Kruisfontein,76,ZA,1544231085,94,-34,24.73,16.96,6.27
348,Melbourne,75,AU,1544229000,42,-37.81,144.96,28,7.2
349,Waitati,36,NZ,1544231086,77,-45.75,170.57,19.09,1.42
350,Jiexiu,0,CN,1544231086,53,37.02,111.92,-21.19,1.42
351,Havre,1,US,1544226780,83,48.55,-109.68,-13.9,2.1
352,Half Moon Bay,1,US,1544230560,66,37.46,-122.43,17.2,2.1
353,Mutoko,20,ZW,1544231088,95,-17.4,32.23,19.39,1.12
354,Ust-Maya,88,RU,1544231088,48,60.42,134.54,-34.22,1.42
355,Tacuarembo,0,UY,1544231088,63,-31.73,-55.98,13.64,2.02
356,Isla Vista,1,US,1544229300,63,34.41,-119.86,17,4.1
357,Broome,24,GB,1544230560,75,52.47,1.45,8,9.8
358,Suntar,56,RU,1544231090,70,62.16,117.65,-26.57,2.07
359,Svetlogorsk,20,RU,1544229000,84,53.14,59.15,-13,2
360,Sorong,64,ID,1544231150,100,-0.86,131.25,28.39,1.17
361,Sibolga,32,ID,1544231151,99,1.74,98.78,20.46,0.87
362,Nizhniy Kuranakh,56,RU,1544231151,68,58.84,125.49,-31.17,1.17
363,Dhidhdhoo,12,MV,1544231152,100,6.88,73.1,27.21,1.22
364,Sarkand,0,KZ,1544231152,50,45.41,79.91,-20.27,0.97
365,Tiarei,75,PF,1544229420,74,-17.53,-149.33,28,5.1
366,Hamilton,90,CA,1544230080,79,43.26,-79.87,-4,3.1
367,Kita,75,JP,1544229000,71,35.76,139.74,10,5.1
368,Quatre Cocos,20,MU,1544231154,92,-20.21,57.76,22.84,2.52
369,Inuvik,90,CA,1544227200,77,68.36,-133.71,-14,4.6
370,Bellegarde-sur-Valserine,20,FR,1544230200,49,46.11,5.83,8,3.1
371,Simao,92,CN,1544231155,93,22.76,100.79,13.16,1.02
372,Bambous Virieux,20,MU,1544231156,92,-20.34,57.76,22.84,2.52
373,Fiche,76,ET,1544231156,85,9.77,38.74,10.19,1.22
374,Elliot Lake,90,CA,1544228640,92,46.37,-82.65,-8,2.6
375,Ust-Nera,32,RU,1544231157,65,64.57,143.24,-31.47,1.22
376,Kisangani,32,CD,1544231157,92,0.52,25.21,23.34,1.47
377,Sharanga,68,RU,1544231158,85,57.18,46.54,-10.04,1.32
378,Gondanglegi,24,ID,1544231158,98,-7.75,112.01,23.69,1.87
379,Bud,64,NO,1544230200,100,62.91,6.91,5,2.1
380,Shimanovsk,36,RU,1544231159,60,52,127.67,-25.19,2.22
381,Cabo San Lucas,75,MX,1544229960,69,22.89,-109.91,23,3.1
382,Pringsewu,80,ID,1544231160,95,-5.36,104.98,23.94,0.72
383,Asyut,0,EG,1544227200,76,27.18,31.19,10,2.1
384,Konstantinovskaya,92,RU,1544231160,96,44.83,40.73,0.16,2.97
385,Houston,90,US,1544230500,100,29.76,-95.37,20.6,2.52
386,Cheremukhovo,80,RU,1544231161,91,56.23,46.23,-8.54,1.32
387,Harare,44,ZW,1544231089,92,-17.83,31.05,17.66,2.17
388,Zhuanghe,0,CN,1544231162,100,39.7,122.97,-12.29,6.97
389,Sarnia,90,CA,1544230560,74,42.99,-82.38,-1.1,1.5
390,Milkovo,0,BG,1544229000,100,41.53,24.68,-3,1.5
391,Nanortalik,8,GL,1544226600,80,60.14,-45.24,1,2.1
392,Balaka,24,MW,1544231163,100,-14.99,34.96,19.14,0.97
393,Abashiri,20,JP,1544227200,78,44.01,144.25,-13,2.1
394,Bulawayo,0,ZW,1544231165,92,-20.16,28.59,16.41,2.07
395,Kogon,75,UZ,1544229000,76,39.73,64.54,10,4.02
396,Salekhard,88,RU,1544231166,82,66.54,66.62,-10.34,2.37
397,Manzhouli,0,CN,1544231166,49,49.6,117.43,-27.87,3.72
398,Moroni,44,US,1544231032,92,39.52,-111.59,-1.69,0.42
399,Mitsamiouli,32,KM,1544231166,100,-11.38,43.28,27.14,6.02
400,Griffith,12,AU,1544227200,20,-34.29,146.06,34,6.7
401,Pangkalanbuun,44,ID,1544231168,100,-2.68,111.62,24.34,1.87
402,Gazanjyk,92,TM,1544231168,95,39.24,55.52,6.91,1.87
403,Kathmandu,75,NP,1544228400,93,27.71,85.32,6,1.52
404,Eyl,88,SO,1544231169,99,7.98,49.82,25.21,5.12
405,Oranjemund,32,ZA,1544231229,97,-28.55,16.43,16.66,5.92
406,Guerrero Negro,0,MX,1544231229,74,27.97,-114.04,18.94,3.92
407,Omboue,92,GA,1544231230,100,-1.57,9.26,23.44,4.17
408,Brae,92,GB,1544230200,87,60.4,-1.35,8,9.3
409,Herat,0,AF,1544231231,80,34.35,62.22,1.84,1.37
410,Ugoofaaru,12,MV,1544231231,100,5.67,73,27.79,0.97
411,Ambilobe,0,MG,1544231231,92,-13.19,49.05,21.84,3.32
412,Baldone,90,LV,1544228400,96,56.74,24.39,0,4.6
413,Longyearbyen,75,NO,1544230200,96,78.22,15.63,0,4.6
414,Rantauprapat,48,ID,1544231233,95,2.1,99.83,22.21,0.97
415,Muktsar,0,IN,1544231233,85,30.47,74.52,9.31,1.62
416,Bayan,0,MN,1544231234,34,47.25,107.54,-32.32,2.07
417,Leningradskiy,68,RU,1544231234,97,69.38,178.42,-16.37,14.82
418,Fare,80,PF,1544231235,100,-16.7,-151.02,26.29,8.62
419,Te Anau,80,NZ,1544231235,58,-45.41,167.72,17.44,5.57
420,Vila Franca do Campo,0,PT,1544229000,42,37.72,-25.43,18,2.1
421,Brunico,75,IT,1544230200,93,46.8,11.94,6,2.1
422,Semenivka,76,UA,1544231237,87,52.18,32.58,-7.99,4.22
423,Qujing,88,CN,1544231237,79,25.49,103.8,10.39,5.02
424,Sola,90,FI,1544230200,92,62.78,29.36,-1,4.1
425,Chapais,1,CA,1544227200,83,49.78,-74.86,-23,2.6
426,Qinhuangdao,0,CN,1544231239,61,39.94,119.59,-25.09,1.62
427,Vyartsilya,92,RU,1544231239,88,62.18,30.69,-2.44,7.87
428,Severo-Kurilsk,88,RU,1544231239,100,50.68,156.12,0.16,13.97
429,Hirara,75,JP,1544228880,88,24.8,125.28,21,8.7
430,Sisimiut,76,GL,1544231318,100,66.94,-53.67,-10.69,0.42
431,Egvekinot,32,RU,1544231241,70,66.32,-179.17,-21.42,3.12
432,Umm Lajj,0,SA,1544231241,100,25.02,37.27,14.64,2.77
433,Salalah,0,OM,1544226600,69,17.01,54.1,23,2.1
434,Galdar,40,ES,1544229000,82,28.15,-15.65,19,7.2
435,Evensk,0,RU,1544231243,100,61.92,159.24,-14.67,10.67
436,Shimoda,40,JP,1544227200,50,34.7,138.93,13,4.1
437,Nome,90,US,1544230500,90,30.04,-94.42,18.6,5.7
438,Maceio,0,BR,1544227200,88,-9.67,-35.74,24,1.5
439,Porto Empedocle,0,IT,1544231244,100,37.29,13.53,7.64,1.62
440,Uyuni,12,BO,1544231245,35,-20.46,-66.82,8.31,0.47
441,Blois,0,FR,1544229000,81,47.59,1.33,7,5.7
442,Qasigiannguit,48,GL,1544226600,78,68.82,-51.19,-8,4.6
443,Lodja,48,CD,1544231246,96,-3.52,23.6,21.19,0.97
444,West Wendover,90,US,1544226960,75,40.74,-114.07,0.6,1.5
445,General Pico,0,AR,1544231247,43,-35.66,-63.75,23.16,4.22
446,Honningsvag,0,NO,1544231248,100,70.98,25.97,-1.04,6.37
447,Bayir,0,TR,1544230200,56,37.27,28.22,6,1
448,Aljezur,0,PT,1544231087,100,37.31,-8.8,13.91,7.52
449,Emerald,40,AU,1544227200,51,-23.53,148.16,27,3.6
450,Batticaloa,92,LK,1544231309,100,7.71,81.69,23.16,2.97
451,Marrakesh,0,MA,1544229000,81,31.63,-7.99,12,2.1
452,Sao Mateus,44,BR,1544231310,94,-18.72,-39.86,26.81,6.32
453,Farmington,1,US,1544230380,92,36.73,-108.21,5.6,2.6
454,Taldan,36,RU,1544231311,48,53.69,124.82,-22.67,3.57
455,Nkhotakota,48,MW,1544231311,95,-12.93,34.3,22.89,1.67
456,Noumea,90,NC,1544230800,65,-22.28,166.46,27,9.3
457,Ocos,40,GT,1544229600,94,14.51,-92.19,25,2.62
458,Illapel,0,CL,1544231312,85,-31.63,-71.17,15.66,1.32
459,Baykit,68,RU,1544231313,66,61.68,96.39,-30.72,1.32
460,Exu,36,BR,1544231313,93,-7.52,-39.72,20.21,1.77
461,Kulunda,0,RU,1544231313,37,52.57,78.94,-31.34,1.32
462,Pine Bluff,90,US,1544230380,92,34.23,-92,6.7,4.6
463,Kupang,40,ID,1544229000,70,-10.16,123.6,31,3.1
464,Pierre,1,US,1544230380,73,44.37,-100.35,-7.2,0.77
465,Corinto,32,BR,1544231315,96,-18.36,-44.46,23.21,3.32
466,Mount Isa,0,AU,1544229000,30,-20.73,139.49,34,5.1
467,Romny,76,UA,1544231316,90,50.74,33.49,-7.04,1.52
468,Ahipara,0,NZ,1544231316,72,-35.17,173.16,19.79,6.17
469,Virovitica,92,HR,1544231316,79,45.83,17.39,3.81,3.12
470,Matara,44,PE,1544231317,77,-13.74,-72.9,9.29,0.87
471,Daura,0,NG,1544231317,52,13.04,8.32,13.84,1.87
472,Vestmanna,92,FO,1544230200,75,62.16,-7.17,6,5.7
473,Amot,92,NO,1544231318,96,59.57,7.99,-4.57,1.02
474,Chernihiv,76,UA,1544231319,85,51.49,31.29,-5.72,5.42
475,Minsk,90,BY,1544229000,92,53.9,27.56,-2,5
476,Souillac,92,FR,1544229000,81,45.6,-0.6,9,3.1
477,Zvishavane,8,ZW,1544231320,94,-20.32,30.05,16.54,1.32
478,Aki,40,JP,1544227200,42,33.51,133.91,9,4.6
479,Puerto Escondido,20,MX,1544229660,69,15.86,-97.07,27,2.42
480,Chateaubelair,40,VC,1544227200,74,13.28,-61.25,27,5.7
481,Solnechnyy,48,RU,1544231321,72,50.72,136.64,-27.02,1.17
482,Ojinaga,90,US,1544230500,96,29.56,-104.41,12.3,1.72
483,Grindavik,75,IS,1544229000,80,63.84,-22.43,4,3.1
484,Coquimbo,0,CL,1544227200,77,-29.95,-71.34,16,4.6
485,Varazze,75,IT,1544230200,76,44.36,8.57,14,2.1
486,Homer,90,US,1544229300,92,59.64,-151.54,3.9,3.1
487,Oriximina,68,BR,1544231324,87,-1.77,-55.87,26.39,0.92
488,Bermejo,92,AR,1544231324,83,-22.73,-64.34,17.66,0.87
489,Tomatlan,12,MX,1544231325,71,19.93,-105.25,26.26,1.17
490,Merauke,20,ID,1544231130,97,-8.49,140.4,29.69,1.97
491,Kambove,12,CD,1544231325,94,-10.88,26.6,17.34,1.67
492,Mehamn,0,NO,1544231326,100,71.03,27.85,-2.67,6.17
493,Pimentel,64,BR,1544231386,85,-3.7,-45.5,25.19,1.32
494,Union,20,US,1544230560,81,47.36,-123.1,6.7,1.12
495,Beaverlodge,20,CA,1544227200,78,55.21,-119.43,-12,1
496,Tianpeng,100,CN,1544231388,100,28.88,112.34,0.56,7.02
497,College,90,US,1544230680,95,64.86,-147.8,0,4.02
498,Puerto Montt,0,CL,1544227200,53,-41.47,-72.94,23,2.1
499,Aripuana,80,BR,1544231389,92,-9.17,-60.63,25.21,0.62
500,Changji,92,CN,1544231389,74,32.07,116.17,-1.57,2.92
501,Suratgarh,0,IN,1544231390,79,29.32,73.9,10.21,2.32
502,Elizabeth City,1,US,1544230560,73,36.3,-76.22,5.8,3.1
503,Petauke,32,ZM,1544231390,79,-14.25,31.33,23.01,2.97
504,Orodara,0,BF,1544227200,40,10.98,-4.92,20,3.1
505,Zaranj,0,AF,1544227200,45,30.95,61.86,7,2.1
506,Lintangan,40,PH,1544227200,88,7.22,121.95,26,2.1
507,Sivas,75,TR,1544230200,100,39.75,37.01,-5,2.1
508,Viedma,0,AR,1544231393,22,-40.81,-62.99,27.04,5.12
509,Poli,0,CM,1544231393,77,8.48,13.24,15.41,0.77
510,Westlock,20,CA,1544227200,78,54.15,-113.85,-10,1.5
511,Katangli,24,RU,1544231394,100,51.71,143.23,-20.97,3.77
512,Boksitogorsk,20,RU,1544231394,86,59.47,33.85,-4.67,3.92
513,Seoul,1,KR,1544229000,23,37.57,126.98,-8,2.1
514,Kieta,32,PG,1544231395,92,-6.22,155.63,29.46,1.97
515,Yeppoon,75,AU,1544229060,65,-23.13,150.74,25,7.7
516,Leh,76,IN,1544231396,60,34.16,77.58,-27.44,0.12
517,Cockburn Town,88,TC,1544231345,100,21.46,-71.14,27.09,7.27
518,Kaman,76,TR,1544231397,89,39.36,33.73,-2.44,1.32
519,Coahuayana,8,MX,1544231397,51,18.62,-100.35,24.54,1.07
520,Carutapera,56,BR,1544231398,92,-1.2,-46.02,25.71,2.17
521,Henderson,1,US,1544230500,81,36.04,-114.98,13.3,1.07
522,Bacolod,80,PH,1544231311,80,10.68,122.95,26.84,4.77
523,Aldergrove,1,CA,1544230500,58,49.06,-122.49,2,1.32
524,Sirsa,0,IN,1544231399,79,29.54,75.04,9.19,1.27
525,Ust-Omchug,64,RU,1544231400,70,61.13,149.63,-27.69,1.52
